113112
-999
11
111
-999
99
110
-999
29
30
49
109
-999
17
108
-999
106
107
-999
71
97
104
105
-999
13
19
24
25
28
84
95
103
-999
3
38
48
69
83
102
-999
8
10
23
37
54
101
-999
34
100
-999
20
98
-999
51
96
-999
91
94
-999
4
14
21
93
-999
39
92
-999
82
90
-999
56
74
86
89
-999
22
36
47
52
64
88
-999
43
57
85
87
-999
2
16
18
46
60
81
-999
1
6
45
80
-999
44
79
-999
7
78
-999
33
77
-999
26
76
-999
53
75
-999
27
73
-999
0
72
-999
32
70
112
-999
11
50
68
111
-999
55
67
99
110
-999
29
30
40
49
66
109
-999
12
17
65
108
-999
35
63
106
107
-999
