0 3991.0
1 16559.0
2 16710.0
3 46699.0
4 47866.0
5 71766.0
6 86927.0
7 102077.0
8 107256.0
9 134990.0
10 143288.0
11 149262.0
12 165430.0
13 183569.0
14 186954.0
15 198985.0
16 229287.0
17 234058.0
18 238172.0
19 255703.0
20 262300.0
21 297766.0
22 303118.0
23 323162.0
24 332670.0
25 368252.0
26 401091.0
27 426073.0
28 432139.0
29 435280.0
30 436041.0
31 531780.0
32 538522.0
33 550939.0
34 591307.0
35 615002.0
36 625148.0
37 629941.0
38 631256.0
39 636020.0
40 641443.0
41 644264.0
42 659569.0
43 681227.0
44 714783.0
45 745878.0
46 775078.0
47 788495.0
48 791600.0
49 792493.0
50 835674.0
51 841458.0
52 846352.0
53 874484.0
54 881955.0
55 900919.0
56 962176.0
